Y	X1	X2
-7848080	-2794992	-5053088
-8931518	-3517221	-5414297
-13692887	-6777153	-6915734
-8684515	-3447934	-5236581
-9184896	-6322284	-2862612
-6666919	-2703454	-3963465
-4696339	-3911104	-785235
-16037936	-7730983	-8306953
-6201655	-2722409	-3479246
-14089983	-9605720	-4484263
-1447913	-809780	-638133
-7276520	-4330296	-2946224
-17181471	-8877354	-8304117
-13116645	-9895564	-3221081
-19432121	-9811282	-9620839
-11573776	-7781917	-3791859
-11795899	-4079088	-7716811
-8859359	-1327336	-7532023
-15616880	-5807610	-9809270
-7800843	-1732612	-6068231
-9054005	-5895089	-3158916
-13032989	-6082341	-6950648
-10023647	-8207027	-1816620
-11572918	-6797213	-4775705
-7809145	-6316758	-1492387
-5466342	-4456744	-1009598
-7996200	-6479182	-1517018
-4411079	-4286703	-124376
-3608172	-1083459	-2524713
-12445623	-3685390	-8760233
-10197315	-5076281	-5121034
-11827067	-4969494	-6857573
-11351981	-2066604	-9285377
-12654780	-5913427	-6741353
-6669739	-3396817	-3272922
-18167181	-8340396	-9826785
-3659410	-3490119	-169291
-14920322	-5782592	-9137730
-11924458	-4227871	-7696587
-11725143	-2870446	-8854697
-14380662	-8627372	-5753290
-10218905	-6633303	-3585602
-12431024	-8435273	-3995751
-17617134	-8198175	-9418959
-10766714	-4343189	-6423525
-3799775	-628426	-3171349
-1877109	-383080	-1494029
-8286253	-6553996	-1732257
-13734565	-6950992	-6783573
-13700952	-6986382	-6714570
-5929954	-2575178	-3354776
-6781392	-5344116	-1437276
-12645722	-3127850	-9517872
-17385078	-8479073	-8906005
-8853462	-2437242	-6416220
-13344984	-5354319	-7990665
-10474855	-4719015	-5755840
-10676134	-1114007	-9562127
-14003085	-7169007	-6834078
-14932918	-5567882	-9365036
-11051114	-4721036	-6330078
-9971232	-6833606	-3137626
-4379109	-3008378	-1370731
-9485885	-9194231	-291654
-3964376	-1713053	-2251323
-12464506	-9860804	-2603702
-10226606	-1384469	-8842137
-12900871	-3617125	-9283746
-13677152	-7025263	-6651889
-6724249	-5147220	-1577029
-14160072	-4731255	-9428817
-7351255	-859813	-6491442
-11799032	-2324532	-9474500
-17216214	-8227450	-8988764
-5611963	-361	-5611602
-13920325	-5798597	-8121728
-5756224	-1691134	-4065090
-11595294	-4494488	-7100806
-15365601	-9790808	-5574793
-11944814	-2966040	-8978774
-11225418	-9971950	-1253468
-2634636	-1758869	-875767
-13772113	-9311327	-4460786
-8833602	-3933932	-4899670
-6847452	-4882034	-1965418
-9828070	-1963949	-7864121
-14059449	-7701416	-6358033
-6857861	-1314697	-5543164
-17634918	-9784519	-7850399
-7718792	-6001519	-1717273
-14587239	-4737269	-9849970
-9775425	-7704299	-2071126
-8040105	-6988564	-1051541
-8102826	-7574735	-528091
-1858367	-1820675	-37692
-9529192	-3057833	-6471359
-9158707	-7952191	-1206516
-8554425	-4617050	-3937375
-2436990	-2173827	-263163
-18923539	-9594254	-9329285
-11394384	-1865479	-9528905
-9314213	-1650151	-7664062
-9368075	-7514709	-1853366
-10903164	-7824429	-3078735
-17270499	-8101067	-9169432
-4326840	-2176980	-2149860
-7531582	-1852385	-5679197
-16465329	-7155525	-9309804
-15007186	-6670287	-8336899
-8371980	-5736706	-2635274
-11355481	-9478031	-1877450
-14058248	-5233764	-8824484
-7502564	-535015	-6967549
-7918184	-5817027	-2101157
-7306406	-6684926	-621480
-12345849	-6300585	-6045264
-11733596	-3880084	-7853512
-11020027	-4906800	-6113227
-12064269	-8918485	-3145784
-12987400	-5360605	-7626795
-8394583	-1806585	-6587998
-11792154	-4952719	-6839435
-12239215	-3593928	-8645287
-13169089	-5270708	-7898381
-6440201	-2737633	-3702568
-8159312	-6672355	-1486957
-2721878	-500123	-2221755
-6170287	-5439863	-730424
-10981576	-9340056	-1641520
-7651635	-3022138	-4629497
-10428171	-5081685	-5346486
-7755314	-573025	-7182289
-12478186	-3185586	-9292600
-9449587	-8725161	-724426
-8939425	-2075890	-6863535
-16965980	-8318389	-8647591
-11061984	-5194839	-5867145
-6305317	-6268432	-36885
-16078937	-7200726	-8878211
-13457693	-4055328	-9402365
-8366927	-1138967	-7227960
-13416371	-4515100	-8901271
-5423256	-125754	-5297502
-12446406	-6894852	-5551554
-12407339	-6269282	-6138057
-2959195	-945467	-2013728
-15232117	-7021724	-8210393
-10144324	-6755787	-3388537
-12650209	-6626003	-6024206
-13828086	-8861539	-4966547
-6327843	-3923812	-2404031
-18026925	-9529363	-8497562
-3600056	-2088917	-1511139
-8839232	-5480454	-3358778
-9824881	-4695567	-5129314
-6895368	-2224603	-4670765
-14301527	-5590559	-8710968
-9406478	-4821000	-4585478
-10265928	-1200152	-9065776
-12153056	-9036330	-3116726
-10684015	-3952254	-6731761
-3822188	-2957874	-864314
-13852670	-8109892	-5742778
-15820798	-8582851	-7237947
-11681186	-4636112	-7045074
-16869208	-8063932	-8805276
-18416945	-9486964	-8929981
-18542176	-8931754	-9610422
-10842917	-6551538	-4291379
-12000725	-6461834	-5538891
-7642875	-238317	-7404558
-9514899	-3921470	-5593429
-11539275	-5957513	-5581762
-3261774	-1542955	-1718819
-10221686	-4307904	-5913782
-4635498	-3675443	-960055
-11386996	-2860617	-8526379
-7153802	-2927566	-4226236
-10104382	-7592675	-2511707
-17255864	-9235962	-8019902
-8101108	-563955	-7537153
-8773083	-5928575	-2844508
-14578712	-8629512	-5949200
-6438522	-2592952	-3845570
-4807866	-1740108	-3067758
-5966621	-1633808	-4332813
-12623130	-3816103	-8807027
-15589157	-5706438	-9882719
-12256705	-2488555	-9768150
-10164190	-7080816	-3083374
-14363515	-6947053	-7416462
-8901894	-3890243	-5011651
-13551097	-5940962	-7610135
-6719626	-299232	-6420394
-12121746	-7194871	-4926875
-9871970	-8056350	-1815620
-13260744	-7592069	-5668675
-11200252	-6798831	-4401421
-14425856	-6650879	-7774977
-7408367	-5345232	-2063135
-12556650	-5094150	-7462500
-9031166	-7748593	-1282573
-4210193	-985303	-3224890
-13406711	-5854539	-7552172
-8700288	-2802247	-5898041
-7371930	-764506	-6607424
-9983035	-3766875	-6216160
-10566910	-7772798	-2794112
-18179134	-8676134	-9503000
-12098927	-9344552	-2754375
-13750877	-7618273	-6132604
-6943403	-6866368	-77035
-18015403	-9747724	-8267679
-9573184	-2185589	-7387595
-7420040	-1673871	-5746169
-11298175	-8241440	-3056735
-13741017	-4612410	-9128607
-9712282	-6217959	-3494323
-11307730	-1846248	-9461482
-8343494	-5634344	-2709150
-9985299	-1259077	-8726222
-8992735	-2430669	-6562066
-9991953	-4996707	-4995246
-10888333	-7654549	-3233784
-14969420	-7939414	-7030006
